height,timestamp,masp_epoch,token_address,last_inflation,last_locked
7749481,2026-08-19T22:03:16.897348908Z,0,tnam1q9gr66cvu4hrzm0sd5kmlnjje82gs3xlfg3v6nu7,0,0
